Temperature profile
Latitude: 1 S
Longitude:  68 E
Observation date: January 2, 2012 (T80 flyby)
Solar longitude:  29.0
Local time: 01:25
Correlation length: 1 scale height
Reference: Vinatier et al. 2015, Icarus 250, 95-115
Comments: 
Error bars are given where the temperature profile is constained by the CIRS observations. Below the deepest level constrained by CIRS observations, the temperature profile is close to the HASI one (Fulchignoni et al., 2005, Nature 438, pp. 785-791).
  
  alt(km)    P(mbar)     T(K)    T_min    T_max
  529.00   9.9610e-04   163.93   161.86   166.01
  519.01   1.2050e-03   163.09   161.01   165.16
  509.09   1.4580e-03   162.77   160.74   164.81
  499.22   1.7650e-03   163.10   161.11   165.09
  489.37   2.1350e-03   164.11   162.25   165.97
  479.52   2.5840e-03   165.58   163.86   167.30
  469.65   3.1270e-03   167.29   165.69   168.88
  459.77   3.7830e-03   168.91   167.45   170.36
  449.90   4.5780e-03   170.08   168.71   171.45
  440.05   5.5390e-03   170.85   169.57   172.13
  430.24   6.7030e-03   171.15   169.91   172.39
  420.48   8.1100e-03   171.19   170.05   172.34
  410.76   9.8140e-03   171.28   170.22   172.34
  401.08   1.1870e-02   171.76   170.74   172.78
  391.40   1.4370e-02   172.69   171.76   173.62
  381.73   1.7390e-02   173.95   173.06   174.83
  372.05   2.1040e-02   175.16   174.37   175.96
  362.39   2.5460e-02   176.04   175.29   176.80
  352.78   3.0800e-02   176.13   175.38   176.88
  343.26   3.7270e-02   175.34   174.54   176.13
  333.86   4.5100e-02   173.56   172.76   174.35
  324.60   5.4570e-02   172.03   171.28   172.78
  315.45   6.6030e-02   171.31   170.69   171.93
  306.37   7.9900e-02   171.60   171.07   172.14
  297.30   9.6680e-02   172.93   172.45   173.42
  288.21   1.1700e-01   174.57   174.18   174.97
  279.11   1.4160e-01   176.03   175.68   176.39
  270.00   1.7130e-01   177.15   176.84   177.46
  260.91   2.0730e-01   177.76   177.46   178.07
  251.85   2.5080e-01   178.07   177.81   178.34
  242.83   3.0350e-01   178.31   178.09   178.53
  233.86   3.6720e-01   178.27   178.05   178.49
  224.95   4.4430e-01   178.54   178.37   178.72
  216.07   5.3760e-01   178.86   178.73   179.00
  207.26   6.5060e-01   178.29   178.12   178.47
  198.55   7.8720e-01   176.89   176.71   177.06
  189.99   9.5250e-01   174.56   174.38   174.74
  181.61   1.1530e+00   171.56   171.43   171.69
  173.43   1.3950e+00   167.89   167.71   168.06
  165.45   1.6880e+00   165.15   164.88   165.41
  157.66   2.0420e+00   161.93   161.71   162.16
  150.03   2.4710e+00   160.12   159.94   160.29
  142.52   2.9900e+00   159.23   159.01   159.45
  135.11   3.6180e+00   157.70   157.35   158.05
  127.85   4.3770e+00   154.32   153.97   154.68
  120.82   5.2970e+00   149.56   149.25   149.87
  114.13   6.3910e+00   144.49   143.92   145.07
           7.0100e+00   142.73
           7.0250e+00   143.10
           1.4440e+01   130.32
           1.7730e+01   123.83
           2.1770e+01   114.72
           2.6720e+01   101.81
           3.2800e+01    85.95
           4.0270e+01    76.30
           4.9430e+01    72.81
           6.0690e+01    71.12
           7.4500e+01    70.48
           9.1450e+01    70.33
           1.1230e+02    70.28
           1.3780e+02    70.30
           1.6920e+02    70.61
           2.0770e+02    71.12
           2.5500e+02    72.07
           3.1300e+02    73.19
           3.8420e+02    74.80
           4.7170e+02    76.63
           5.7900e+02    78.81
           7.1080e+02    81.16
           8.7260e+02    83.88
           1.0710e+03    87.10
           1.3150e+03    90.88
           1.4570e+03    93.34
           1.4660e+03    93.50
